((("string" .
   [3 0 0 0 0 0])
  ("endl" .
   [1 0 0 0])
  ("cout" .
   [1 0 0 0])
  ("this" .
   [1 0 0 0])
  ("183" .
   [1 0 0])
  ("is" .
   [1 0])
  ("default" .
   [1 0 0 0 0 0 0])
  ("IPAGothic" .
   [0 0 0 0 1 0 0 0 0])
  ("Mono-12" .
   [0 0 0 0 1 0 0])
  ("latin1-display-ucs-per-lynx" .
   [0 0 0 0 0 1 0 0 0 0 0 0 0 0 0 0 0 0 0 0 0 0 0 0 0 0 0])
  ("MingLiu-12" .
   [0 0 0 0 0 0 0 4 0 0])
  ("abs" .
   [0 0 1])
  ("Monospace" .
   [0 0 0 0 0 1 0 0 0])
  ("config-theme" .
   [2 0 0 0 0 0 1 0 0 0 0 0])
  ("interactive" .
   [0 0 0 0 0 0 0 1 0 0 0])
  ("m" .
   [1])
  ("defun" .
   [0 0 0 0 1])
  ("^^^^^^^^^^^^^^^^^^^^^^^" .
   [0 0 0 0 0 0 0 0 0 0 0 1 0 0 0 0 0 0 0 0 0 0 0])
  ("vvvvvvvvvvvvvvvvvvvvvvv" .
   [0 0 0 0 0 0 0 0 0 1 0 0 0 0 0 0 0 0 0 0 0 0 0])
  ("auto-complete-mode" .
   [0 0 0 0 0 0 0 0 0 0 0 0 0 1 0 0 0 0])
  ("by" .
   [1 0])
  ("ac-python-mode-setup" .
   [0 0 0 0 0 1 0 0 0 0 0 0 0 0 0 0 0 0 0 0])
  ("python-mode-hook" .
   [0 0 0 0 0 0 0 0 0 0 0 1 0 0 0 0])
  ("sys" .
   [7 0 2])
  ("import" .
   [1 0 0 0 0 0])
  ("clock" .
   [1 0 2 0 0])
  ("time" .
   [9 0 1 0])
  ("python-mode" .
   [0 0 0 0 0 0 0 0 0 0 1])
  ("os" .
   [1 0])
  ("stdout" .
   [0 0 1 0 0 0])
  ("self" .
   [0 0 1 0])
  ("WenQuanYi Zen Hei Mono" .
   [0 0 0 0 1 0 0 0 0 1 0 0 0 0 0 0 0 0 0 0 0 0])
  ("Micro" .
   [3 0 0 0 2])
  ("SIGN" .
   [1 0 0 0])
  ("Zen" .
   [2 0 0])
  ("WenQuanYi Bitmap Song" .
   [0 0 0 1 0 0 0 1 0 0 0 0 0 0 0 0 0 0 0 0 0])
  ("=" .
   [1])
  ("WenQuanYi" .
   [0 0 0 1 0 0 0 0 0])
  ("Mono" .
   [1 0 0 0])
  ("8629" .
   [0 0 0 1])
  ("8614" .
   [0 0 0 1])))
